cut-off = 0.2
sensitivity= 0.850, specificity= 0.979

Total Time: 314.1539580821991

cut-off = 0.1
sensitivity= 0.916, specificity= 0.955

Total Time: 317.3444106578827

cut-off = 0.3
sensitivity= 0.778, specificity= 0.990

Total Time: 319.0106875896454
